0.5400 0.5920 0.6240 0.6738 0.7400 0.7861 0.8357 0.8971 0.9479 0.0000
0.4655 0.5000 0.5862 0.6261 0.6778 0.7260 0.7917 0.8493 0.8963 0.9395
0.3900 0.4745 0.5233 0.5914 0.6487 0.6945 0.7497 0.8001 0.8429 0.8823
0.4000 0.4452 0.4986 0.5192 0.5920 0.6501 0.6993 0.7396 0.7960 0.8354
0.3782 0.3872 0.4362 0.4953 0.5562 0.6073 0.6573 0.6854 0.7427 0.7853
0.2933 0.3283 0.3748 0.4499 0.4989 0.5461 0.5995 0.6331 0.6938 0.7493
0.2327 0.3174 0.3577 0.4057 0.4424 0.4906 0.5389 0.5800 0.6327 0.6975
0.2425 0.2593 0.3061 0.3429 0.3849 0.4248 0.5034 0.5290 0.5926 0.6605
0.1412 0.1930 0.2514 0.2967 0.3061 0.3531 0.4417 0.4689 0.5680 0.6157
0.0894 0.1365 0.2165 0.2400 0.3127 0.3350 0.3874 0.4379 0.4876 0.5267
