0.5800 0.6222 0.6625 0.6850 0.6829 0.6635 0.6367 0.5813 0.4633 0.5111
0.6574 0.7042 0.7200 0.7617 0.8080 0.7530 0.6987 0.6593 0.6097 0.5690
0.6667 0.7453 0.7956 0.8267 0.8677 0.8204 0.7609 0.7233 0.6724 0.6316
0.6933 0.7503 0.8394 0.8919 0.9327 0.8781 0.8294 0.7733 0.7135 0.6567
0.7127 0.7720 0.8688 0.9393 0.0000 0.9334 0.8782 0.8091 0.7500 0.6764
0.6750 0.7308 0.8112 0.8763 0.9271 0.8781 0.8215 0.7755 0.7200 0.6489
0.6200 0.7148 0.7767 0.8277 0.8510 0.8036 0.7679 0.7259 0.6667 0.6031
0.5486 0.6660 0.7244 0.7643 0.8073 0.7476 0.7165 0.6672 0.6126 0.5100
0.5490 0.6141 0.6544 0.6987 0.7390 0.6624 0.6550 0.5952 0.5671 0.4736
0.4870 0.5340 0.5905 0.5829 0.6400 0.6125 0.6067 0.5425 0.5108 0.4575
